 $DATA
 C4H7
 C1
CARBON      6.0   0.2618146261  -1.3965466123  -0.0007038233
NITROGEN    7.0  -0.0038686249   0.0030634817  -0.0000260176
CARBON      6.0   1.0758799723   0.9326745220  -0.0004235957
CARBON      6.0  -1.3490552742   0.4725158391   0.0010655068
NITROGEN    7.0  -1.5711561884   1.7971662042   0.0017307806
CARBON      6.0  -0.4981961303   2.6072139262   0.0012151215
NITROGEN    7.0   0.7968590814   2.2466414712   0.0001392272
NITROGEN    7.0   2.3340240479   0.4625619095  -0.0013055473
CARBON      6.0   2.4993244994  -0.8717284735  -0.0017342573
NITROGEN    7.0   1.5390661410  -1.8124983455  -0.0015375644
NITROGEN    7.0  -0.7739988149  -2.2517030502  -0.0004335026
CARBON      6.0  -2.0121607345  -1.7281588485   0.0005197319
NITROGEN    7.0  -2.3474357012  -0.4261141035   0.0013294812
HYDROGEN    1.0  -0.6998906773   3.6704706268   0.0016934716
HYDROGEN    1.0   3.5210264768  -1.2283700828  -0.0023069419
HYDROGEN    1.0  -2.8320188885  -2.4345296956   0.0007101374
 $END
